1687.81
1508.34
1507.14
1385.10
1632.43
1511.01
1559.22
163.23
1579.39
1653.80
2152.53
2148.71
1752.53
1765.48
1717.03
1558.15
1575.58
152.06
1805.17
18.52
1719.10
2008.24
2242.71
2478.25
2030.17
1655.77
1693.66
1623.48
1805.61
1746.84
1795.33
1926.74
1619.50
1992.12
2233.42
2192.69
2080.38
1768.33
1835.79
1569.24
1976.43
1853.75
1965.02
1689.33
1778.11
1976.23
2397.34
2654.45
2097.56
1963.67
1677.69
1941.71
2003.86
1813.93
2012.50
1912.65
2084.64
2080.23
2118.80
2150.82
1608.91
1503.28
1548.17
1382.60
1731.57
1798.30
1779.29
1887.26
2004.55
2077.45
2092.36
2051.90
1577.08
1356.05
1652.15
1382.20
1519.35
1421.83
1442.40
1543.50
1656.55
1561.79
1762.67
1461.30
1556
1431
1427
1554
1645
1653
2016
2207
1665
1361
1506
1360
1453
1522
1460
1552
1548
1827
1737
1941
1474
1458
1542
1404
1522
1385
1641
1510
1681
1938
1868
1726
1456
1445
1456
1365
1487
1558
1488
1684
1594
1850
1998
2079
1494
1057
1218
1168
236
1076
1174
1139
1427
1487
1483
1513
1357
1165
1282
1110
1297
1185
1222
1284
1444
1575
1737
1763
